00000000000000000000000000000000000000000000000000000000000000000000000000000000
00000000000000000000000000000000000000000000000000000000000000000000000000000000
00000000000000000000000000000000000000000000000000000000000000000000000000000000
00000000000000000000000000000000000000000000000000000000000000000000000000000000
00000000000000000000000000000000000000000000000000000000000000000000000000000000
00000000000000000000000000000000000000000000000000000000000000000000000000000000
00000000000000000000000000000000000000000000000000000000000000000000000000000000
00000000000000000000000000000011100000000011100000000000000000000000000000000000
00000000000000000000000000000101011000001101010000000000000000000000000000000000
00000000000000000000000000000101010000000101010000000000000000000000000000000000
00000000000000000000000000000010110110110110100000000000000000000000000000000000
00000000000000000000000000000000001010101000000000000000000000000000000000000000
00000000000000000000000000000000101010101010000000000000000000000000000000000000
00000000000000000000000000000001101010101011000000000000000000000000000000000000
00000000000000000000000000000001110010100111000000000000000000000000000000000000
00000000000000000000000000000001100100010011000000000000000000000000000000000000
00000000000000000000000000000010000110110000100000000000000000000000000000000000
00000000000000000000000000000010000000000000100000000000000000000000000000000000
00000000000000000000000000000000000000000000000000000000000000000000000000000000
00000000000000000000000000000000000000000000000000000000000000000000000000000000